100030883583917697736508200202511180200000517071291740968361517071291740968361
100030346480504941387897200202511181200000577364383583987142577364383583987142
100030963827995368843677200202511180200000126485739101502537126485739101502537
100030730392190371992409200202511181200000281366474533512082281366474533512082
100030840554849399775484200202511181200000169782557184007825169782557184007825
100030183684399180982505200202511181200000101769528277229168101769528277229168
100030309494986514611014200202511180200000229260998284862619229260998284862619
100030593151390720023282200202511182200000653645117336108032653645117336108032
100030519263193612640746200202511181200000338716679182577552338716679182577552
100030979410606745229050200202511180200000722288022771607197722288022771607197
100030356729515348770360200202511181200000102287136848198731102287136848198731
100030598729874656352627200202511181200000558368384316895693558368384316895693
100030660330743975880109200202511182200000989891936711805843989891936711805843
100030623500433529006126200202511180200000852287910233100690852287910233100690
100030369983679438442638200202511180200000930111301473986737930111301473986737
100030333616227675528733200202511181200000737129528521221512737129528521221512
100030718226898202857878200202511181200000985302571842240743985302571842240743
100030986407876861549465200202511180200000590541996784951239590541996784951239
100030132566128666498581200202511182200000885593470302308485885593470302308485
100030605933459433631316200202511182200000677223575846734340677223575846734340
100030706351741518233180200202511182200000850101312968087338850101312968087338
100030520639696739409702200202511181200000232871554213475876232871554213475876
100030940496295542784372200202511182200000422126261341240582422126261341240582
100030528077287016980591200202511180200000734381079101933936734381079101933936
100030392524067057889710200202511181200000225121403064184735225121403064184735
100030705530198087295022200202511180200000489253362087384126489253362087384126
100030555546656509616334200202511180200000683630363557454201683630363557454201
100030898205355123352604200202511180200000370943991363526240370943991363526240
100030260556572651622080200202511182200000335010550511044793335010550511044793
100030563594071019672669200202511181200000783176768035352120783176768035352120
100030435087576434130905200202511181200000579256495581306965579256495581306965
100030495193135938300310200202511181200000858112282045486869858112282045486869
100030411914557975168827200202511181200000826309857943772805826309857943772805
100030488441721519307066200202511180200000771267686313019085771267686313019085
100030966713669932941281200202511181200000751456936356083935751456936356083935
100030441510350370113448200202511181200000435195907727598753435195907727598753
100030938171779151848840200202511181200000263422261718382620263422261718382620
100030415426054846280748200202511180200000333864717147571149333864717147571149
100030441881587262879090200202511180200000391125887006822904391125887006822904
100030892695277564126414200202511180200000562043057563386224562043057563386224
100030116174001287169748200202511180200000252962968771200717252962968771200717
100030849229037864787046200202511180200000347340237556898620347340237556898620
100030256312204909343873200202511180200000457206658801699602457206658801699602
100030885121903059272737200202511181200000684882851775084786684882851775084786
100030628177615715298442200202511181200000700656576200058103700656576200058103
100030223961974047989830200202511182200000169305473382164245169305473382164245
100030275847050131139544200202511180200000276421920821330200276421920821330200
100030555141876497172044200202511180200000961060242165954658961060242165954658
100030611735423218128008200202511180200000143649953773872772143649953773872772
100030591484958460068483200202511181200000837158384195150080837158384195150080
100030701318288159066901200202511182200000715150803128338428715150803128338428
100030191630509961908187200202511180200000821254466229639122821254466229639122
100030329714052284747783200202511182200000566733271148388998566733271148388998
100030467131485648725701200202511182200000267030655989016224267030655989016224
100030828418604463754900200202511182200000959271831772978142959271831772978142
100030359737540367386337200202511182200000773616342314355264773616342314355264
100030106899905605717597200202511180200000654264193631761504654264193631761504
100030400085193092360324200202511180200000329473456283671655329473456283671655
100030374744244871444243200202511182200000547607632942054257547607632942054257
100030311157137939955263200202511182200000389122096295398487389122096295398487
100030802525703963461444200202511181200000444496258218806119444496258218806119
100030511275618750222681200202511180200000850293613599655560850293613599655560
100030893947442469597320200202511180200000693614629928698425693614629928698425
100030463040986704303663200202511180200000438871250978952284438871250978952284
100030213085703597995473200202511181200000962090052054516846962090052054516846
100030115238823864650715200202511181200000530409836702630554530409836702630554
100030391430617445974340200202511181200000652319186298705844652319186298705844
100030487891728609745283200202511181200000361231058995819014361231058995819014
100030707555607932481547200202511181200000909728363757325487909728363757325487
100030913772214109671932200202511182200000908581811510941943908581811510941943
100030881887880878329784200202511181200000234792154740810210234792154740810210
100030413845414596180791200202511181200000553509259683388364553509259683388364
100030932261088600010226200202511180200000398596959009713538398596959009713538
100030554538653630671444200202511182200000500916617287988763500916617287988763
100030142072780693930787200202511180200000583300848790743635583300848790743635
100030825867125057634916200202511182200000959872597922073535959872597922073535
100030551854307806070332200202511182200000861004878028204916861004878028204916
100030305828448986620428200202511181200000513913247221180773513913247221180773
100030564991763073076299200202511182200000118985347321028738118985347321028738
100030485088686078043158200202511182200000107053015013140297107053015013140297
100030924329754016572737200202511182200000495435917076812797495435917076812797
100030523534947129499816200202511182200000214112784416791426214112784416791426
100030296876526264162639200202511182200000154338530309893610154338530309893610
100030384990330277981310200202511180200000999123090256587731999123090256587731
100030950771703431994831200202511181200000812555067286341684812555067286341684
100030714646209189547686200202511180200000613663316149499360613663316149499360
100030475117729471893947200202511182200000623479585240460175623479585240460175
100030384841370332808923200202511180200000685945716630102077685945716630102077
100030997176920764179730200202511180200000816388520254157763816388520254157763
100030104891276330766427200202511182200000656586564163330538656586564163330538
100030787926784131942475200202511181200000270357372458109630270357372458109630
100030920894921661695792200202511180200000856305731726082412856305731726082412
100030651373941812658844200202511181200000409431958654982577409431958654982577
100030690838428774881050200202511182200000283769071255103840283769071255103840
100030390726724432113564200202511181200000929991571606057589929991571606057589
100030629940143605569383200202511180200000284534564385517486284534564385517486
100030623291244936058775200202511180200000641555708340776834641555708340776834
100030354329667909860445200202511181200000502751343514989408502751343514989408
100030108849691916054167200202511182200000711282558178936282711282558178936282
100030775165349330122593200202511180200000742898976895879969742898976895879969
100030105054892567631713200202511182200000479406375170070512479406375170070512
100030132758563663388023200202511182200000197910563223489580197910563223489580
100030515498634083914434200202511182200000305253179507785192305253179507785192
100030940761099771428403200202511182200000901610996028034164901610996028034164
100030618623659357233090200202511180200000374179081088568876374179081088568876
100030430102202061743672200202511182200000973805440887586106973805440887586106
100030906561207928851160200202511180200000557367225575504014557367225575504014
100030587500863592996726200202511182200000979198700642693594979198700642693594
100030728358558789198197200202511180200000305667629405617270305667629405617270
100030394094641205050163200202511181200000741704611603792027741704611603792027
100030714512778939030482200202511180200000525803539524474494525803539524474494
100030674265714814570548200202511181200000839906182324126845839906182324126845
100030605826965333354583200202511180200000792229091002385332792229091002385332
100030235894277661615329200202511180200000935650552922968532935650552922968532
100030384682639139591164200202511180200000400203388487868009400203388487868009
100030411520106128951899200202511180200000977604681161432471977604681161432471
100030478533913971702035200202511182200000928141634429484726928141634429484726
100030516664445586709269200202511180200000620866023535401077620866023535401077
100030930617899348021640200202511182200000919701245523425589919701245523425589
100030790545309379214195200202511182200000359436355625324980359436355625324980
100030320368417389869598200202511182200000360158920342235194360158920342235194
100030638014086470368646200202511182200000511925268006850635511925268006850635
100030527073644945104436200202511180200000878890778778098051878890778778098051
100030434928050102362143200202511181200000139993232564022400139993232564022400
100030115620193071435839200202511181200000773399583405647390773399583405647390
100030667266016560412250200202511181200000779785808612313743779785808612313743
100030171200887299221464200202511181200000442914064326059624442914064326059624
100030942707358589028609200202511181200000633414013317927888633414013317927888
100030284950236018474934200202511180200000231875533833424472231875533833424472
100030942192128163286952200202511180200000718314902922002108718314902922002108
100030286287393048244840200202511180200000787843373669605480787843373669605480
100030110071405004648154200202511180200000302595654598398031302595654598398031
100030411312320766279432200202511182200000372651490461762967372651490461762967
100030236962705092858581200202511180200000452843223076824837452843223076824837
100030245519831214284800200202511180200000828321241547501677828321241547501677
100030491441821029740934200202511180200000622729448979986555622729448979986555
100030749383842594466886200202511182200000902661231179410299902661231179410299
100030720586177895883615200202511182200000215399187160031694215399187160031694
100030698798649982720385200202511182200000543881489288325381543881489288325381
100030928274977131803590200202511182200000664077244048121489664077244048121489
100030422351098756115057200202511182200000300103135765364349300103135765364349
100030261146121248542419200202511182200000227009598864776695227009598864776695
100030165322283919415361200202511182200000952621425498297991952621425498297991
100030683165743606261093200202511180200000711759336629109248711759336629109248
100030171202839896148297200202511180200000884333563375755894884333563375755894
100030664288473383284662200202511180200000731033660670709388731033660670709388
100030187476581324386618200202511181200000808879474527564171808879474527564171
100030323284855466747693200202511180200000217926186256909726217926186256909726
100030131513152667498579200202511181200000794197614597701338794197614597701338
100030627304693097041225200202511180200000354100760798565392354100760798565392
100030589755983870339154200202511181200000219117047480026948219117047480026948
100030142500136088866370200202511181200000834914177246148091834914177246148091
100030694572388633589011200202511180200000661851772120114638661851772120114638
100030229409307918298093200202511181200000744636657488336899744636657488336899
100030878894559880912252200202511182200000442562816312616033442562816312616033
100030303715306633557750200202511182200000428544702577081655428544702577081655
100030293562340772248659200202511182200000708544478400284779708544478400284779
100030292051436649056948200202511180200000379852282613993097379852282613993097
100030624568223379180335200202511182200000253328854275876983253328854275876983
100030682215022288885134200202511182200000398778271978737302398778271978737302
100030877118097925204164200202511180200000663606858119707128663606858119707128
100030733356036291851450200202511182200000179665494584698851179665494584698851
100030734412904518259877200202511181200000587404517202493014587404517202493014
100030582544912775462022200202511180200000929027037117882200929027037117882200
100030361174249429018626200202511181200000821291266352572318821291266352572318
100030841161656678026055200202511181200000773244680942749661773244680942749661
100030375938262761099398200202511181200000685255122940534255685255122940534255
100030946507676699469939200202511180200000769132781937462468769132781937462468
100030103996102409233757200202511182200000556019915021703653556019915021703653
100030585612826209269835200202511182200000127892846399128942127892846399128942
100030638133936917891673200202511181200000824031830832026523824031830832026523
100030386451375013607454200202511181200000753969489381912739753969489381912739
100030525584588083532439200202511181200000747130023388164000747130023388164000
100030611828548816120395200202511182200000124846572430461988124846572430461988
100030394722048853404159200202511180200000886467759958925569886467759958925569
100030822256047544137595200202511181200000549028750024799137549028750024799137
100030271770070414186812200202511182200000339417936641278197339417936641278197
100030971671326298939904200202511181200000535835376386505733535835376386505733
100030452823118240404935200202511181200000101511679958495869101511679958495869
100030635301711980987363200202511182200000779021691921205614779021691921205614
100030683525415404818910200202511181200000133781595564355817133781595564355817
100030955262596122292574200202511182200000811643526042472811811643526042472811
100030322421993733784466200202511181200000747324259922210086747324259922210086
100030928308767617123206200202511181200000276527742729882359276527742729882359
100030782931323487400127200202511182200000992037583789148583992037583789148583
100030690784641036017009200202511180200000854610233437290060854610233437290060
100030311442843883942737200202511182200000284681273599731300284681273599731300
100030249974451966548067200202511181200000801457482883552566801457482883552566
100030861679241475401334200202511180200000981452631709925643981452631709925643
100030147854707137961151200202511182200000335748685109290748335748685109290748
100030132124099994544915200202511182200000291498623806252389291498623806252389
100030389392193620268061200202511182200000680720029988293435680720029988293435
100030114097289262412801200202511181200000873785774391380527873785774391380527
100030690138707552661867200202511182200000467548395689019494467548395689019494
100030602059532784740328200202511182200000383106170398946831383106170398946831
100030749411787290314189200202511181200000547252216770934060547252216770934060
100030879406290518545536200202511180200000983542844032136366983542844032136366
100030962600222015024950200202511180200000332480232128757405332480232128757405
100030725427753754343181200202511180200000977098340491322091977098340491322091
100030844750560162616126200202511181200000988366402983029759988366402983029759
100030719624417214225333200202511181200000473204872739789034473204872739789034
100030112313479892386402200202511181200000674759061828964673674759061828964673
100030240029853763501752200202511182200000300854851230658356300854851230658356
100030871539447291417285200202511181200000694286802852732166694286802852732166
100030877912941457354479200202511180200000855471487658435806855471487658435806
100030617887476665668671200202511180200000501025991240124131501025991240124131
100030238513736583656312200202511180200000488187027563279151488187027563279151
100030656029762711444312200202511181200000681652128240187636681652128240187636
100030222304159249617157200202511180200000789202783630796483789202783630796483
100030766051093160723519200202511182200000184768879566209651184768879566209651
100030584023838312488190200202511182200000501642386784837282501642386784837282
100030323101987036667358200202511180200000125339954354362484125339954354362484
100030730934617521805912200202511180200000220907728754172178220907728754172178
100030892680814738303417200202511180200000846799644365817981846799644365817981
100030890255701838123789200202511182200000458913340910147213458913340910147213
100030338952390533329309200202511181200000971564463799777617971564463799777617
100030225576867985064865200202511181200000171374691385996279171374691385996279
100030390679118651239405200202511180200000593532235637048379593532235637048379
100030129780699631766520200202511181200000916905744599771061916905744599771061
100030830639274063023455200202511182200000178588802805302791178588802805302791
100030379863548239612570200202511181200000972120394820235535972120394820235535
100030935169568296778070200202511180200000655888262158533673655888262158533673
100030256705529037637394200202511181200000351267113507829586351267113507829586
100030159996011292300352200202511180200000875398664164335939875398664164335939
100030338688600310283719200202511180200000550257069839245042550257069839245042
100030535109157660970153200202511180200000482917851258287842482917851258287842
100030600720716243526913200202511181200000893599386132933004893599386132933004
100030236772786040347108200202511181200000703450735291798035703450735291798035
100030113502897037158122200202511180200000245783458672430386245783458672430386
100030862223128816149780200202511180200000824127727190169273824127727190169273
100030139406930182981713200202511181200000905870555481467949905870555481467949
100030923005215729225482200202511182200000530141373641110594530141373641110594
100030725963885819968567200202511181200000454691693270980711454691693270980711
100030156715419249507740200202511180200000618861885531680795618861885531680795
100030333431134837520815200202511181200000576837415044436906576837415044436906
100030193925373523314305200202511182200000843576510897127450843576510897127450
100030196058393714923996200202511181200000791206924606540264791206924606540264
100030433913725868860816200202511181200000280055927140684072280055927140684072
100030113492283415469903200202511182200000254958853017216404254958853017216404
100030811139902438182036200202511181200000498275348402648480498275348402648480
100030637246770291953645200202511180200000348281614051872245348281614051872245
100030577862117207331596200202511181200000879043038528517837879043038528517837
100030681358929610340488200202511182200000403899171355625793403899171355625793
100030434654912375245835200202511180200000270895057911816752270895057911816752
100030379623556814763941200202511182200000472098942430814304472098942430814304
100030189950563442566494200202511181200000920423330152170926920423330152170926
100030552425656835635945200202511182200000579002072443996086579002072443996086
100030254070111605642153200202511181200000408015868070420994408015868070420994
100030424152035571016344200202511182200000948875528609301603948875528609301603
100030279618024353034372200202511181200000749010496162021903749010496162021903
100030547261484367838193200202511182200000431454954957800282431454954957800282
100030889253426129908269200202511180200000956822911118255033956822911118255033
100030316320347932967056200202511181200000738140795838180496738140795838180496
100030919667211550827705200202511182200000166999556653541807166999556653541807
100030891092973275256683200202511180200000731150980024742526731150980024742526
100030101592977999550947200202511180200000980939825590668827980939825590668827
100030637279701160082552200202511182200000164411935202799949164411935202799949
100030619076768653095028200202511181200000898930906447504266898930906447504266
100030671060036929746458200202511181200000615753259310093299615753259310093299
100030378677758944052828200202511181200000653921974688817760653921974688817760
100030767027325463425192200202511181200000463560344467977106463560344467977106
100030255007409291277219200202511181200000841178755837019834841178755837019834
100030869122539542400541200202511182200000411583241893174415411583241893174415
100030232358328878416500200202511182200000581026664248795501581026664248795501
100030655081868826762060200202511182200000350658309129349498350658309129349498
100030468557816377543974200202511181200000126060119366711685126060119366711685
100030986981194659168868200202511181200000164057353196400889164057353196400889
100030544738870759923486200202511180200000908383622332436733908383622332436733
100030389322090012218235200202511181200000558343133611371374558343133611371374
100030664210812048743162200202511180200000345586119146806866345586119146806866
100030849546621601740205200202511180200000696743870362499148696743870362499148
100030817202689207507553200202511181200000534371971746759234534371971746759234
100030986189241072970740200202511182200000964633479911740304964633479911740304
100030250817284523151999200202511182200000381930526312770940381930526312770940
100030124395483998757895200202511181200000174137851479478390174137851479478390
100030636388709029568438200202511181200000770214349774912436770214349774912436
100030280086478270586489200202511182200000988480531737511062988480531737511062
100030880012774194873058200202511180200000723825458906016688723825458906016688
100030826317577026508816200202511180200000666177895844134696666177895844134696
100030550086040342748964200202511182200000647854631856154803647854631856154803
100030956497658592172008200202511182200000870563194541281916870563194541281916
100030690583054505848552200202511180200000949168585623211459949168585623211459
100030146723123877763997200202511181200000535730324160337297535730324160337297
100030127229821738167537200202511180200000592459711309084758592459711309084758
100030741142926962899829200202511182200000395191107980026281395191107980026281
100030893765975881129338200202511181200000198178667304221180198178667304221180
100030277734203448512356200202511182200000737270856432503264737270856432503264
100030985629475687587841200202511181200000351724608792559292351724608792559292
100030671377905809937936200202511181200000656819817940671232656819817940671232
100030885028339512089657200202511180200000892698961074220469892698961074220469
100030280734007317078456200202511182200000505663756410234738505663756410234738
100030380788813327360402200202511181200000815527184601875923815527184601875923
100030230406500227899560200202511180200000791083994428606134791083994428606134
100030795458276382344388200202511182200000295148329303002649295148329303002649
100030792288623356963178200202511180200000178782058467192763178782058467192763
100030361093248189929506200202511182200000297783218133721078297783218133721078
100030541260585117601477200202511182200000729810950941802164729810950941802164
100030361641596380021290200202511180200000843371072951428781843371072951428781
100030138986076038938172200202511180200000552817386664603814552817386664603814
100030912828735467866706200202511182200000599313454049585578599313454049585578
100030410565653504588573200202511181200000833222016931952192833222016931952192
100030199309974796575213200202511180200000322719214105024948322719214105024948
100030607816817928471066200202511181200000770983468418531454770983468418531454
100030819151725142111354200202511181200000837912886961481818837912886961481818
100030624158440820003947200202511181200000954904571755798358954904571755798358
100030887449251778217834200202511180200000838229666079298864838229666079298864
100030835571536360845572200202511181200000772059190713217661772059190713217661
100030715388238337869714200202511180200000805674100015737179805674100015737179
100030256169540613867976200202511181200000134973427239762001134973427239762001
100030160540727095989206200202511181200000481487853906662767481487853906662767
100030644106522716910059200202511180200000303675247702474203303675247702474203
100030806552557142442752200202511180200000796707488946809233796707488946809233
100030285589606257911876200202511182200000328307013134272070328307013134272070
100030491375567444572241200202511182200000688839228293311582688839228293311582
100030848841111180016181200202511182200000162654084168216022162654084168216022
100030865221788385710062200202511180200000827702475464032814827702475464032814
100030438858458021752613200202511182200000233968836495807443233968836495807443
100030654418670778672242200202511180200000730208440883443163730208440883443163
100030405085675263867552200202511180200000479792348839865447479792348839865447
100030330560268556300848200202511180200000832908002798729114832908002798729114
100030930791031557420344200202511182200000181043745663659253181043745663659253
100030521115180030430991200202511180200000488577805831619273488577805831619273
100030650685220438833943200202511180200000573594451531420720573594451531420720
100030337550844749855525200202511181200000298906077217482801298906077217482801
100030452241722141645988200202511180200000220527020207102604220527020207102604
100030411111761712854435200202511180200000256723760716657688256723760716657688
100030530664192943338017200202511180200000341096288904857050341096288904857050
100030823688754659737429200202511181200000924672051980054654924672051980054654
100030447709268793098989200202511182200000755570148805750792755570148805750792
100030631291816925724533200202511182200000611662014634541132611662014634541132
100030365800975356249410200202511180200000294233120250971447294233120250971447
100030514680169424135752200202511180200000990598037586156244990598037586156244
100030765201640496285854200202511181200000203637839457217168203637839457217168
100030935204082848551425200202511181200000431819445485746496431819445485746496
100030313105746481761878200202511182200000843258808562137528843258808562137528
100030104904782503610499200202511181200000781334143618481140781334143618481140
100030545353884663149928200202511181200000789688334388152535789688334388152535
100030254190389710728192200202511182200000280550084393380969280550084393380969
100030810784582993933406200202511181200000363430422131837772363430422131837772
100030858875233199582375200202511181200000650374227426600577650374227426600577
100030155262739238199383200202511182200000541983822939821346541983822939821346
100030304965697365216886200202511182200000250786337186227671250786337186227671
100030282851077374821213200202511182200000199998016927171240199998016927171240
100030263676811109846751200202511181200000954877887608355735954877887608355735
100030204482896239506613200202511180200000682312625099014460682312625099014460
100030894416185160513258200202511181200000832483804168572517832483804168572517
100030264715462075340004200202511181200000863041541787302945863041541787302945
100030991276717957778353200202511181200000171998092387922544171998092387922544
100030878950697939106847200202511180200000800174619694356116800174619694356116
100030637984431916341175200202511182200000642090068797884294642090068797884294
100030735586751337850658200202511182200000216145375802273733216145375802273733
100030255878367207613785200202511180200000845372267479127790845372267479127790
100030261584567704081188200202511182200000269503056475677013269503056475677013
100030125018713472529133200202511181200000473539811610339061473539811610339061
100030721133863410733404200202511181200000729795295825367066729795295825367066
100030838101898391898663200202511182200000466101229718981524466101229718981524
100030958651281426023019200202511180200000450143147550244153450143147550244153
100030656298190362406562200202511182200000573644578235775964573644578235775964
100030141986655901852501200202511180200000101672957522560795101672957522560795
100030617705531092622998200202511180200000449612961659863885449612961659863885
100030824272438698161067200202511182200000664778553465702200664778553465702200
100030815302270442841389200202511182200000262450448539641914262450448539641914
100030892885393780663308200202511182200000959332997541292731959332997541292731
100030156360289776885117200202511182200000793183715153454161793183715153454161
100030175514889222082381200202511180200000230721900103438429230721900103438429
100030957076784228097678200202511181200000434305577482088276434305577482088276
100030556298477699314803200202511181200000570132196022920816570132196022920816
100030656084207426397825200202511180200000547609571720124081547609571720124081
100030444253764084686461200202511181200000735977927026175381735977927026175381
100030785858233865774251200202511182200000333343065718739925333343065718739925
100030204899416454126688200202511180200000911253565950641405911253565950641405
100030327382066035102856200202511182200000713078905649620336713078905649620336
100030325242550901126958200202511182200000532388113144297451532388113144297451
100030384364773399059748200202511180200000239297367394551336239297367394551336
100030165832367095663175200202511182200000367218891547342085367218891547342085
100030904746435204934269200202511181200000919204293147528196919204293147528196
100030260322957090181951200202511182200000403871861779782069403871861779782069
100030512648664722959801200202511182200000194498206223179603194498206223179603
100030223301143199027722200202511182200000951161063868453905951161063868453905
100030754870083533162710200202511180200000705083716194885732705083716194885732
100030619504544471583770200202511181200000969851370239156182969851370239156182
100030628751747828996673200202511180200000926088310392028072926088310392028072
100030698935009582483726200202511180200000567149272732355227567149272732355227
100030632745506690198026200202511182200000424929086739874978424929086739874978
100030249873314617610668200202511182200000941730377918420723941730377918420723
100030941412319975789445200202511181200000859490978087040882859490978087040882
100030677632983459758172200202511181200000835314838057293176835314838057293176
100030115893165414388496200202511180200000712768438149133742712768438149133742
100030822759475565003653200202511182200000965016904570199186965016904570199186
100030685789428041564083200202511181200000735674477373420276735674477373420276
100030375449175624890983200202511180200000164585341956246143164585341956246143
100030465066921535869423200202511181200000140335293166752893140335293166752893
100030678323506355415557200202511180200000587415607703978636587415607703978636
100030958689843477140210200202511181200000761155012218674851761155012218674851
100030882113981904612126200202511181200000819487517724296617819487517724296617
100030188115664064202347200202511182200000372981047239986482372981047239986482
100030111483029101130358200202511182200000308530120242845063308530120242845063
100030437900623327368531200202511180200000665023441596995750665023441596995750
100030837378620730515770200202511182200000408826155164826882408826155164826882
100030724848950991079487200202511181200000577306979330739709577306979330739709
100030191612514986792394200202511182200000760563558260595672760563558260595672
100030434624732303031975200202511182200000343204979386388281343204979386388281
100030123456789012345678200202511180200000987654321098765432987654321098765432
100030876543210987654321200202511181200000112233445566778899112233445566778899
100030555555555555555555200202511182200000444444444444444444444444444444444444
100030425061538015879362200202511182200000185926040731878068185926040731878068
100030523113752627018509200202511181200000425499438585616294425499438585616294
100030505607369468118733200202511180200000807804028145254509807804028145254509
100030499296993426454564200202511182200000862066043102348906862066043102348906
100030811967272870957508200202511182200000599714191222299937599714191222299937
100030961009929149327107200202511182200000151158809736505084151158809736505084
100030190989788152203289200202511180200000339030325825517145339030325825517145
100030168682287116853617200202511182200000973463042252286377973463042252286377
100030641530366694368024200202511180200000191630293671874643191630293671874643
100030716807411742712211200202511180200000695044741336403489695044741336403489
100030594159754737371210200202511181200000261489798319836849261489798319836849
100030117460998614987534200202511180200000520621274862336572520621274862336572
100030314385152813633881200202511182200000142571239388079036142571239388079036
100030866310920272269410200202511181200000807446353388159170807446353388159170
100030480722528734186245200202511180200000933206304054221224933206304054221224
100030985052750264208551200202511180200000505000268620182855505000268620182855
100030685637435532341980200202511180200000102735018695306238102735018695306238
100030921056827872063367200202511182200000651314521263247555651314521263247555
100030786369909320316351200202511182200000759680235591633021759680235591633021
100030971285017781957888200202511181200000179864095876320000179864095876320000
100030573222563572473715200202511182200000244786564480269680244786564480269680
100030368144806370294087200202511181200000960052152700298903960052152700298903
100030889355451387869695200202511181200000763147809943905979763147809943905979
100030496351398193270331200202511182200000993656012676893169993656012676893169
100030600186439933833316200202511181200000164257292404545632164257292404545632
100030543348950711495085200202511180200000497320928927190213497320928927190213
100030287894336577595462200202511181200000823114494712500767823114494712500767
100030128017942126128413200202511182200000395914517400974060395914517400974060
100030151632411288576080200202511180200000901978275916838362901978275916838362
100030575372271811313439200202511181200000589390728640713050589390728640713050
100030722072001529908981200202511182200000581020448535681436581020448535681436
100030315983178227759347200202511180200000179417881241531157179417881241531157
100030230079927423863229200202511180200000919526042889407849919526042889407849
100030917631253410574439200202511182200000706663957359295291706663957359295291
100030818317280933489322200202511182200000862311681420178472862311681420178472
100030905374670464127069200202511180200000564308071609475043564308071609475043
100030281093807973858977200202511181200000508451033994263977508451033994263977
100030944817115616983347200202511181200000283686538553374579283686538553374579
100030777420803046009237200202511182200000407096336719004864407096336719004864
100030771143757231925609200202511182200000582475994127924675582475994127924675
100030961864910947054580200202511182200000830857282563672736830857282563672736
100030492726726917520743200202511181200000671503283805406809671503283805406809
100030821153640506968872200202511180200000419144868968315932419144868968315932
100030116248534233470330200202511180200000696550183567157172696550183567157172
100030749858553767471465200202511182200000374854487540617524374854487540617524
100030643743350744511744200202511181200000703961636088472648703961636088472648
100030299905309488423228200202511181200000614784382735926275614784382735926275
100030819018786605008714200202511182200000417883142879427367417883142879427367
100030991736849503454962200202511181200000106392483236735195106392483236735195
100030381985131529443252200202511180200000788404463127272193788404463127272193
100030572885420327799878200202511180200000963490288441195806963490288441195806
100030655891821109245410200202511180200000191780252886207047191780252886207047
100030647334364270869681200202511182200000860050833702582685860050833702582685
100030322129133749142109200202511180200000453974547187585152453974547187585152
100030149914113543089558200202511180200000685460764546943085685460764546943085
100030990012065646570892200202511182200000974654974705115327974654974705115327
100030614623624166273872200202511181200000439929034636283353439929034636283353
100030826617384358570523200202511182200000514691292284168899514691292284168899
100030712932514320716538200202511180200000688445209299850722688445209299850722
100030545025251837508164200202511182200000714567610783869321714567610783869321
100030422267219573436405200202511181200000471081508489099779471081508489099779
100030152620654412124187200202511181200000178613459901125639178613459901125639
100030703569703591282672200202511182200000893267900774738079893267900774738079
100030392374203952559294200202511182200000358453290795770878358453290795770878
100030589574638400414874200202511180200000271186106940583846271186106940583846
100030504809958315510573200202511180200000501375328596755477501375328596755477
100030756647429199285392200202511181200000344750219585319494344750219585319494
100030512002892118722352200202511181200000913411343975253697913411343975253697
100030947788193138783150200202511182200000913478792025975009913478792025975009
100030556619252681498527200202511182200000946563751329252684946563751329252684
100030208947948492252048200202511181200000314315834500606835314315834500606835
100030554596123851559587200202511180200000485172069527341010485172069527341010
100030534958850435031990200202511182200000575536730042770057575536730042770057
100030221988849681416514200202511180200000709748803940203217709748803940203217
100030830363323454909446200202511180200000741036683759477504741036683759477504
100030860917466694040833200202511180200000717178726840912102717178726840912102
100030529595163922190037200202511181200000194979383448204444194979383448204444
100030653760578015858466200202511180200000369327311615221729369327311615221729
100030164033268491746608200202511182200000851383428776504750851383428776504750
100030775159531641646003200202511180200000568761402884883497568761402884883497
100030966204888068002864200202511182200000153579364367348640153579364367348640
100030624173573077889888200202511182200000333534980526044473333534980526044473
100030801942118909073258200202511181200000364149769349377012364149769349377012
100030550728447974939713200202511180200000999114917409657356999114917409657356
100030909243781874773665200202511180200000719195446518859194719195446518859194
100030828438654735233765200202511180200000479718550760988235479718550760988235
100030563427040025221735200202511181200000717179060857252676717179060857252676
100030465452813849863458200202511182200000930275214933295021930275214933295021
100030750580472263446502200202511181200000976918865570612275976918865570612275
100030479957134221578554200202511181200000266765185142559438266765185142559438
100030462188897556376642200202511182200000475139337824690178475139337824690178
100030306287164387998628200202511180200000792384202628495141792384202628495141
100030849537863728170037200202511181200000333026918579276636333026918579276636
100030216176453898430089200202511181200000727625202200403385727625202200403385
100030254915564853236374200202511180200000625903748378729802625903748378729802
100030479088472554432711200202511182200000906832499727291598906832499727291598
100030825310818302484144200202511182200000526252300123811317526252300123811317
100030534917763746327981200202511182200000345120174056227583345120174056227583
100030659222667727949178200202511181200000319179026004130157319179026004130157
100030986770286163721807200202511180200000955159289165400557955159289165400557
100030996539650995887363200202511181200000567933815486568803567933815486568803
100030514243459850247231200202511180200000206151291309372894206151291309372894
100030857413153517973874200202511182200000749525206143707407749525206143707407
100030509498583508939418200202511180200000161031602046761165161031602046761165
100030347946740125914248200202511182200000200400745130438569200400745130438569
100030624359867256935763200202511181200000335369833878438850335369833878438850
100030854024551349245233200202511182200000293164817285954561293164817285954561
100030552411497621743626200202511182200000482104148709414951482104148709414951
100030423910928136901853200202511180200000631422575157274413631422575157274413
100030176951504350263730200202511181200000629792552324896492629792552324896492
100030466673706219413827200202511182200000696082196264292153696082196264292153
100030133478824691833759200202511182200000386136862713718994386136862713718994
100030755828155024685530200202511180200000820451447583038584820451447583038584
100030892807858244513941200202511181200000480652394102739339480652394102739339
100030499478871278881321200202511182200000478225954627852907478225954627852907
100030655163144813792287200202511180200000265896873896840336265896873896840336
100030737630866349515966200202511182200000581105543610820081581105543610820081
100030969758044888849729200202511180200000896500686745330126896500686745330126
100030582669413177491499200202511182200000423064240570840507423064240570840507
100030906038537020044615200202511182200000982498187447725237982498187447725237
100030986103388966574433200202511181200000274371476432254491274371476432254491
100030454413487639245640200202511181200000229776407627861681229776407627861681
100030225748440345683210200202511180200000664338702391136664664338702391136664
100030337896959434159331200202511181200000658615274378505701658615274378505701
100030452020630791706794200202511181200000497191682416973262497191682416973262
100030801681045948616529200202511182200000525800820233528285525800820233528285
100030657081183958367593200202511181200000425898971262941193425898971262941193
100030299873935407945959200202511182200000802503562591893411802503562591893411
100030461337803485652322200202511180200000458824726377852890458824726377852890
100030155165188100061856200202511182200000967768615829768836967768615829768836
100030435192193246298310200202511182200000142116750302903674142116750302903674
100030322597868068204202200202511181200000487981789852354802487981789852354802
100030195162065198296959200202511181200000311888661179856114311888661179856114
100030481684311101434134200202511181200000741020168022408814741020168022408814
100030114189808177628405200202511181200000195974789668145713195974789668145713
100030682570189512869196200202511180200000713796334277185450713796334277185450
100030744388363312292222200202511182200000625219743376588830625219743376588830
100030830729607782052424200202511181200000996191882075209266996191882075209266
100030337732943366367006200202511180200000605511166919103373605511166919103373
100030215864237195418205200202511181200000132673161146925698132673161146925698
100030482636014174791860200202511182200000380012372961563666380012372961563666
100030987265687796873168200202511180200000751897212039840940751897212039840940
100030714096218112352279200202511182200000699269270697624375699269270697624375
100030522889306785080028200202511180200000136238876918259446136238876918259446
100030172111467793798944200202511181200000478778006015941563478778006015941563
100030615185896357721972200202511180200000501126683767335400501126683767335400
100030729465214862691519200202511181200000403382132624840924403382132624840924
100030904573012676206905200202511181200000792167939461582866792167939461582866
100030984536700529628938200202511182200000276394056546431662276394056546431662
100030359831292350807954200202511182200000507208735777773887507208735777773887
100030866597637500993879200202511181200000463281345198329200463281345198329200
100030288833753066969086200202511182200000370906845276721208370906845276721208
100030333887758384911792200202511182200000270363730098974867270363730098974867
100030949436394250468752200202511182200000666645501391617706666645501391617706
100030376662667935003126200202511182200000547710625580625412547710625580625412
100030966169923848824069200202511182200000815022095496705102815022095496705102
100030239873542844034406200202511182200000369662673667255456369662673667255456
100030638331980907968526200202511180200000141704191644742007141704191644742007
100030489805800834246060200202511180200000507714452795586526507714452795586526
100030519334152730266070200202511180200000287437019200031328287437019200031328
100030214722933267440754200202511181200000698934518730997366698934518730997366
100030584889234899640153200202511182200000291605841309894060291605841309894060
100030161025966039241206200202511182200000758965132256902174758965132256902174
100030731903589522719257200202511181200000664949503918820698664949503918820698
100030604738902376324966200202511182200000693050910643554290693050910643554290
100030218356497487299701200202511182200000368968893195937918368968893195937918
100030342640959307210543200202511180200000210064764957700726210064764957700726
100030315275517826877515200202511180200000648784264255868610648784264255868610
100030455120494313259553200202511182200000294742541631964987294742541631964987
100030325065622866383984200202511182200000389077296827204149389077296827204149
100030639656465110462896200202511182200000760362847756580937760362847756580937
100030780118636045629484200202511182200000791761882492097728791761882492097728
100030787066712611968958200202511180200000522658520837807621522658520837807621
100030664020404341828353200202511181200000719268488353817542719268488353817542
100030481138956478888378200202511182200000705573588890499515705573588890499515
100030328260830497956865200202511181200000835424836594878796835424836594878796
100030268285108913428875200202511182200000668671851224659966668671851224659966
100030935907264482834043200202511180200000977157998743389558977157998743389558
100030147654661638815985200202511180200000200698847595423970200698847595423970
100030749878707761817201200202511181200000448467287202570832448467287202570832
100030367507176602602996200202511180200000601861045544695465601861045544695465
100030196177122437365759200202511181200000339437301609017453339437301609017453
100030443679204936154514200202511182200000877787493194792684877787493194792684
100030121072195778940540200202511182200000389216795121190674389216795121190674
100030182764103433210477200202511181200000209737346989228319209737346989228319
100030853531201726283621200202511180200000410035552305577861410035552305577861
100030867455213616435311200202511181200000341384533315640101341384533315640101
100030178367734680753675200202511180200000524666043257391467524666043257391467
100030916078487602409145200202511182200000333780038197530085333780038197530085
100030636485830127240525200202511181200000258695178364175238258695178364175238
100030617040511463843906200202511181200000857253261070332367857253261070332367
100030960495803759251292200202511182200000461535607290986328461535607290986328
100030885531877168706864200202511182200000981813515557035004981813515557035004
100030596865827903156602200202511180200000405331777762391489405331777762391489
100030581384725993682876200202511180200000987150230853559765987150230853559765
100030444054167853686113200202511182200000409767775595684993409767775595684993
100030307864077708371037200202511181200000245716807426841317245716807426841317
100030420588094636649872200202511181200000899703061951289391899703061951289391
100030489574298536203097200202511182200000737982381668175056737982381668175056
100030619619407641144682200202511180200000946573659100059465946573659100059465
100030516564640012609289200202511182200000144425500862177965144425500862177965
100030369767977337000159200202511182200000105262257223853811105262257223853811
100030127828911840871565200202511181200000879421982639062580879421982639062580
100030343668010489275774200202511181200000885827554651362513885827554651362513
100030547898485634311775200202511181200000881492550279219762881492550279219762
100030272413068203540596200202511180200000495704403280663596495704403280663596
100030242454434684933922200202511181200000152220257086178351152220257086178351
100030810503553567492166200202511181200000605160072024600194605160072024600194
100030844860210165512170200202511182200000137093643768303570137093643768303570
100030998596559435570228200202511181200000138513727848185272138513727848185272
100030139372563461770941200202511180200000520063647836513633520063647836513633
100030717483430578736881200202511181200000236450843580300835236450843580300835
100030720826117026109446200202511181200000656427448647392067656427448647392067
100030587446438482569942200202511182200000727953206619217878727953206619217878
100030499053663241332238200202511182200000443474187364464972443474187364464972
100030749713753446588859200202511180200000724843447023874365724843447023874365
100030901838277909862169200202511181200000468812347149932425468812347149932425
100030275098117566919037200202511181200000760713205516425168760713205516425168
100030312865868938309579200202511182200000602157707343966455602157707343966455
100030177774071863232840200202511182200000767386500893827560767386500893827560
100030722058312719606436200202511181200000637008710491983384637008710491983384
100030680472156959870489200202511181200000428058056648177601428058056648177601
100030495449440234559148200202511181200000652903828711862955652903828711862955
100030190856683603211287200202511182200000868660047895578073868660047895578073
100030768246963663224005200202511182200000675074822420153935675074822420153935
100030208654794033430686200202511182200000422308252277318826422308252277318826
100030211508414090164775200202511180200000941161521269327943941161521269327943
100030578727395839524398200202511181200000375685422123885569375685422123885569
100030837493722747328609200202511180200000439514578730952087439514578730952087
100030341549628641584051200202511180200000140874178674778335140874178674778335
100030154846419931326397200202511182200000356195161332631742356195161332631742
100030768643967695619469200202511182200000266749346928177769266749346928177769
100030643394565395022071200202511182200000538657389538949112538657389538949112
100030536272536216645268200202511182200000806895953493141131806895953493141131
100030752058246170176407200202511181200000352045556308632870352045556308632870
100030671411612959458498200202511182200000938872913505931390938872913505931390
100030713753459737390468200202511182200000970661087648769178970661087648769178
100030359141612435536561200202511181200000224359648018454841224359648018454841
100030749986766835182146200202511182200000496050540656010280496050540656010280
100030598179257494849947200202511181200000180408954183235392180408954183235392
100030932372684879003232200202511180200000870810116440851945870810116440851945
100030130721991591011479200202511180200000101926044224162214101926044224162214
100030385911713224013468200202511181200000235632803082986802235632803082986802
100030181835556196835950200202511180200000629559087980085718629559087980085718
100030355218833556660708200202511180200000364393008892745965364393008892745965
100030484651566847556499200202511181200000195847687287972067195847687287972067
100030327347401757143321200202511182200000372275082137606327372275082137606327
100030829601157941731438200202511182200000753418071978730136753418071978730136
100030929994590042895539200202511181200000509511678063289778509511678063289778
100030228006244662886363200202511181200000449706894715458173449706894715458173
100030830094843859842818200202511182200000525960393413565625525960393413565625
100030465306551661501292200202511181200000447879198241947985447879198241947985
100030233506937861185677200202511182200000136258092944002987136258092944002987
100030399606592747498769200202511180200000911813491560432973911813491560432973
100030985670257518444491200202511181200000452974271123935519452974271123935519
100030195071845565210804200202511181200000700679455906928352700679455906928352
100030808675680943137958200202511181200000880454464319799295880454464319799295
100030744086931286169351200202511181200000890391316346991720890391316346991720
100030318316424611282305200202511180200000687352423282077744687352423282077744
100030118505784028884496200202511182200000451608836311313093451608836311313093
100030448912078048563040200202511180200000702937567650774388702937567650774388
100030726334417770977222200202511181200000883750258906559211883750258906559211
100030375844667342634779200202511181200000107205195021786403107205195021786403
100030359331575130175125200202511182200000444953637819427521444953637819427521
100030405578384264826756200202511180200000829337892940041806829337892940041806
100030328271821573837974200202511182200000963593066976994868963593066976994868
100030303973531628175278200202511182200000894353310294162533894353310294162533
100030767656762781582665200202511180200000477376518162844671477376518162844671
100030337057254098513620200202511182200000239062142237294247239062142237294247
100030284288960421671168200202511182200000204289490053031542204289490053031542
100030917528637608144728200202511182200000290051370732234112290051370732234112
100030630596481066891386200202511181200000795268428339988848795268428339988848
100030576893061826543654200202511180200000534141718687725068534141718687725068
100030576275887652791656200202511182200000840210233815763333840210233815763333
100030996013610179215865200202511182200000758058695410647552758058695410647552
100030296878651730641385200202511181200000824570302556752663824570302556752663
100030312069397214047170200202511181200000138788431533728578138788431533728578
100030810797530882676781200202511180200000256580221991116201256580221991116201
100030426399562268339530200202511182200000722181783062582422722181783062582422
100030903008162062900862200202511182200000906405339242634294906405339242634294
100030107626762072149576200202511182200000378602811880031445378602811880031445
100030215668554257229793200202511181200000205577980262624694205577980262624694
100030215077535018329530200202511182200000434835295388722167434835295388722167
100030108686595810330644200202511180200000986487322565808562986487322565808562
100030720204792915867846200202511180200000114812624896874970114812624896874970
100030720674428530331428200202511180200000115428497778735116115428497778735116
100030803171663420426077200202511180200000539831903921178748539831903921178748
100030899859329441809849200202511182200000474285548923686973474285548923686973
100030427575306024808900200202511181200000953422447954233996953422447954233996
100030563905419038375440200202511182200000666026498616905429666026498616905429
100030112141269786212492200202511181200000845802614097260203845802614097260203
100030671269347679610347200202511181200000828406819371897595828406819371897595
100030582595785094239035200202511182200000540588199466795946540588199466795946
100030248324539753323844200202511181200000440632041388249671440632041388249671
100030505931708621380766200202511182200000998960787834572098998960787834572098
100030472816894530279653200202511181200000526382262841371277526382262841371277
100030611467108149972160200202511182200000290128285397276807290128285397276807
100030130261836950235553200202511182200000306320601876345686306320601876345686
100030559582628652140230200202511180200000219734670180959211219734670180959211
100030720433219873083152200202511182200000697303307584627345697303307584627345
100030617341604944164198200202511180200000941513704448008922941513704448008922
100030168366935620259212200202511181200000655026008444956652655026008444956652
100030100415620194958414200202511182200000211712518729330663211712518729330663
100030523475368893167722200202511182200000525477849335159444525477849335159444
100030344194816999212176200202511180200000720664596350090604720664596350090604
100030579219987025905260200202511180200000662700001105685127662700001105685127
100030349326117003338018200202511180200000431565146063196944431565146063196944
100030479081645058005703200202511181200000574191611988276248574191611988276248
100030941614945236845391200202511180200000782364580174620084782364580174620084
100030470984839544300478200202511181200000984535576429799500984535576429799500
100030932423869924368208200202511181200000559554402740277263559554402740277263
100030352540264464120787200202511180200000821163594141614474821163594141614474
100030569517905318979913200202511182200000126505064777291816126505064777291816
100030543165833292013485200202511181200000113826787213931210113826787213931210
100030754862946204359460200202511182200000476253940883845505476253940883845505
100030922315459414475264200202511181200000180323954434073550180323954434073550
100030283239318972616390200202511180200000606591582079531023606591582079531023
100030150879685699501388200202511182200000687018501912030564687018501912030564
100030332696033020519986200202511180200000874648863047114917874648863047114917
100030530270487452844786200202511180200000491762723706571042491762723706571042
100030416915124562550709200202511180200000288474389850383547288474389850383547
100030189589961503367229200202511182200000236386301957434676236386301957434676
100030127144517067611846200202511182200000529984253754623665529984253754623665
100030649112527877102001200202511182200000452147393702862845452147393702862845
100030670275232782071672200202511181200000312348279461763862312348279461763862
100030575405788145507646200202511180200000593812885613075447593812885613075447
100030517030216016528616200202511180200000422422247117185807422422247117185807
100030319841439853731267200202511180200000115586634957560858115586634957560858
100030691914893984742957200202511181200000723852681410603573723852681410603573
100030706732098538995155200202511180200000756835613109604165756835613109604165
100030819302662615736141200202511181200000166749487251063013166749487251063013
100030502088722681493907200202511180200000657054065874946964657054065874946964
100030938248411590781749200202511182200000298204677880281163298204677880281163
100030502119365410356123200202511180200000885845496364375987885845496364375987
100030266195484503144155200202511182200000205098910836714184205098910836714184
100030823681873572266080200202511181200000659328152535830502659328152535830502
100030254728707521953151200202511181200000798708626210637479798708626210637479
100030704935815615852358200202511182200000910037776094670881910037776094670881
100030697165717961736677200202511180200000226658731713105094226658731713105094
100030517711561835562329200202511180200000379341103537371167379341103537371167
100030513384967858436129200202511180200000427945122403496238427945122403496238
100030826300651615008887200202511180200000759828298752395058759828298752395058
100030418288176600140455200202511182200000311658842059667219311658842059667219
100030840942496110750951200202511181200000342608705038756610342608705038756610
100030144518777021359385200202511181200000579805788425857327579805788425857327
100030506703877775900579200202511180200000358663620510907063358663620510907063
100030668997613609893540200202511181200000103438333344348246103438333344348246
100030311879659634877347200202511182200000558854200210805780558854200210805780
100030129185321451824556200202511182200000588351557894825028588351557894825028
100030921124332302035611200202511180200000548958533433851814548958533433851814
100030923366779266140940200202511181200000858349493376474404858349493376474404
100030852340610129800973200202511182200000655974802880507542655974802880507542
100030470262499116362867200202511182200000383040159920777198383040159920777198
100030354902603509066456200202511181200000319352051121282157319352051121282157
100030105530107070922232200202511180200000747863418832530972747863418832530972
100030888607619488844259200202511180200000216801184803702278216801184803702278
100030989322692376550517200202511182200000481545075872469815481545075872469815
100030342708509832437563200202511180200000138215185302436389138215185302436389
100030183669168478572511200202511181200000193981508937787415193981508937787415
100030300383473405246295200202511182200000747952129227593495747952129227593495
100030736649950417846370200202511181200000173716509064059162173716509064059162
100030106496537971958041200202511181200000873229392198095139873229392198095139
100030634072602818820642200202511182200000265131963004811180265131963004811180
100030334027746457905471200202511180200000281912516941462585281912516941462585
100030306733146602792133200202511181200000637676929253614964637676929253614964
100030197590022432020048200202511180200000673581177604142128673581177604142128
100030257256805247472247200202511182200000391390307809936967391390307809936967
100030898818376734851477200202511181200000588695601669090012588695601669090012
100030684567649123450473200202511181200000448932519107713482448932519107713482
100030863897852635719507200202511182200000542377393990684546542377393990684546
100030390027370247065187200202511181200000643942236142191335643942236142191335
100030875082826473687396200202511182200000594361123300802104594361123300802104
100030623762068096450878200202511180200000622988712414009292622988712414009292
100030551134380957875299200202511181200000690804683536129006690804683536129006
100030592730203550227535200202511181200000527175146941222812527175146941222812
100030358739205285866414200202511180200000393133564118816284393133564118816284
100030816712605147418754200202511181200000324793280858673126324793280858673126
100030407059998500018488200202511180200000143736056257912534143736056257912534
100030840707034198987855200202511181200000679116410795821872679116410795821872
100030530062154566380604200202511180200000318455753759039006318455753759039006
100030696101552927124045200202511182200000591954859198169750591954859198169750
100030993993203321936793200202511180200000877836047550268211877836047550268211
100030920849156265552000200202511180200000204864702942568415204864702942568415
100030379931482697284622200202511180200000753203638684094820753203638684094820
100030462349137725569407200202511182200000271548429030532009271548429030532009
100030668817732615711470200202511182200000562203319536609456562203319536609456
100030195732183437558568200202511180200000390877299996208405390877299996208405
100030534723353345967020200202511182200000426233258204268999426233258204268999
100030332239047432500836200202511182200000102326706646455950102326706646455950
100030473056256297395702200202511182200000553068640425445611553068640425445611
100030686877837724798798200202511181200000718679128219688478718679128219688478
100030456341075487457466200202511181200000889296218034133404889296218034133404
100030239959225792935368200202511180200000830464455383419307830464455383419307
100030914532860417434178200202511181200000949050351059999029949050351059999029
100030726532174297845791200202511180200000681242500371393121681242500371393121
100030497019825078948260200202511181200000121139113068961302121139113068961302
100030944693484685146488200202511182200000791694525667422684791694525667422684
100030491531300136348479200202511180200000218926554486297050218926554486297050
100030511441107572136593200202511182200000832541977945381235832541977945381235
100030931164029369270670200202511182200000437993396234715655437993396234715655
100030150995589299644379200202511182200000896422996292133005896422996292133005
100030445853769180574761200202511181200000369053445251589671369053445251589671
100030187884281118089381200202511181200000536476454982317963536476454982317963
100030386644941672383483200202511180200000946263008974975586946263008974975586
100030123900175294823980200202511182200000384140109980198857384140109980198857
100030777578547305655739200202511181200000457642854554267384457642854554267384
100030643948718533002561200202511182200000763098207783149179763098207783149179
100030244572163581579444200202511180200000981564388574007751981564388574007751
100030712311181159009281200202511182200000239749250571823445239749250571823445
100030163734065630264739200202511181200000707410130984541318707410130984541318
100030202703806186088747200202511182200000397364752864411880397364752864411880
100030957253456053366320200202511181200000590530740979767968590530740979767968
100030601289967731346712200202511182200000388655569298406761388655569298406761
100030256935013459486008200202511182200000288086457189725180288086457189725180
100030298484452068034564200202511181200000730378752388427612730378752388427612
100030764407461298417065200202511181200000789526659289790446789526659289790446
100030411099322466781920200202511182200000798866717071892770798866717071892770
100030257259863543493718200202511182200000149026538262511814149026538262511814
100030410831538502522627200202511181200000277500837225186827277500837225186827
100030916559221303763830200202511180200000199499145177670259199499145177670259
100030511251734597939874200202511180200000531696563782167514531696563782167514
100030645835144063059248200202511181200000855780605635779333855780605635779333
100030153583716413177599200202511180200000141697433442434908141697433442434908
100030184574357957688190200202511180200000976194633496238809976194633496238809
100030853521726229106555200202511180200000396130705592452072396130705592452072
100030320364503922849368200202511182200000833921107940440836833921107940440836
100030556143405521484520200202511181200000788379726646692759788379726646692759
100030688672243179166502200202511182200000896625577976167470896625577976167470
100030932500335480689493200202511180200000985846731060747978985846731060747978
100030240559000821812133200202511181200000377125271556351269377125271556351269
100030954518929884946844200202511182200000480719317962407466480719317962407466
100030123134042727625933200202511182200000644456468972635386644456468972635386
100030241859853786728684200202511181200000606178383566801924606178383566801924
100030603915436523961783200202511182200000709567509477084088709567509477084088
100030452764689036774685200202511182200000475152113249030432475152113249030432
100030470502917005230479200202511181200000537436983484401749537436983484401749
100030892724156756235001200202511182200000654556772572274535654556772572274535
100030465657976432274463200202511180200000928281443712542780928281443712542780
100030779958005212183881200202511182200000926025035040953517926025035040953517
100030389528196350967541200202511181200000181851186480316919181851186480316919
100030656171258737377383200202511182200000117906342615247345117906342615247345
100030803594090504070919200202511180200000818615086387812056818615086387812056
100030733507528289575418200202511180200000143523468786566494143523468786566494
100030670000123541765810200202511180200000224378852193122495224378852193122495
100030936434416684164237200202511180200000267186309209750055267186309209750055
100030452179712089379856200202511182200000633247829250321862633247829250321862
100030351303732908607581200202511182200000915516272847474281915516272847474281
100030821826284470026839200202511181200000446316412126042988446316412126042988
100030733262122358893042200202511182200000550232952994650485550232952994650485
100030753452792805181105200202511181200000747786588877686753747786588877686753
100030724743115570588764200202511180200000172009516834865609172009516834865609
100030753170534863747056200202511180200000961230101975833948961230101975833948
100030179696915453009591200202511180200000457106273842027974457106273842027974
100030901194511230545770200202511181200000267001445638275155267001445638275155
100030318297250075381577200202511180200000632441882623131184632441882623131184
100030252500050786396850200202511181200000814610760829731867814610760829731867
100030674328910347799970200202511182200000476235240682781974476235240682781974
100030281821941768487112200202511180200000444322735829326137444322735829326137
100030683177620516685392200202511182200000916775276243094456916775276243094456
100030195443715302638518200202511182200000794451847826040416794451847826040416
100030317045129695817729200202511182200000757928600649081198757928600649081198
100030974727578009947217200202511182200000700130538784676331700130538784676331
100030941252619755615417200202511181200000377877590101790216377877590101790216
100030447843860030489140200202511182200000328006386846078405328006386846078405
100030787267209530671283200202511182200000552995099678010907552995099678010907
100030103262581782039146200202511182200000709792686828188921709792686828188921
100030445961138045634759200202511182200000939783706499549006939783706499549006
100030149047678143308608200202511181200000933930797043682573933930797043682573
100030703362055866543543200202511180200000168161006651174834168161006651174834
100030789348720579846203200202511181200000859946455886981306859946455886981306
100030453238531857717465200202511180200000702995729949227646702995729949227646
100030352635292237454387200202511182200000133188081958779635133188081958779635
100030767422345113202210200202511180200000594425682151904742594425682151904742
100030251330773847075838200202511182200000299454254485401279299454254485401279
100030547309447763634016200202511180200000560585630889753780560585630889753780
100030393903879079295191200202511180200000377067112257061692377067112257061692
100030166947051481702551200202511181200000795075932122401949795075932122401949
100030951611833760508524200202511181200000351847223382957217351847223382957217
100030530346353106988540200202511181200000352174242580944992352174242580944992
100030598704637755341654200202511180200000560000968545181824560000968545181824
100030577991306234044203200202511182200000739448660883994470739448660883994470
100030353362454552769257200202511180200000778275193209276195778275193209276195
100030478089502898165427200202511182200000561148407752794267561148407752794267
100030248808911019155004200202511180200000585984551656302030585984551656302030
100030442743928869286479200202511180200000648797195759222757648797195759222757
100030143047919920638398200202511181200000848237346449258001848237346449258001
100030292141003734246221200202511180200000635981885367961241635981885367961241
100030111073271909209577200202511180200000587287601022664860587287601022664860
100030547706833889626769200202511180200000769714561403331117769714561403331117
100030639174206753490491200202511182200000631559933640112836631559933640112836
100030978753864340407620200202511182200000821308079410056368821308079410056368
100030895049258764823162200202511181200000307769313677981190307769313677981190
100030198339580983508663200202511181200000363084624256588435363084624256588435
100030501326561250625667200202511182200000374861359325554188374861359325554188
100030968248851125396605200202511181200000674922531170345866674922531170345866
100030883772312297169339200202511181200000675736540273159515675736540273159515
100030180391699589227782200202511181200000145250662506199912145250662506199912
100030190449198111267337200202511181200000310463295407015987310463295407015987
100030295601903709410643200202511182200000675560647301534861675560647301534861
100030462493720615097919200202511180200000965809696273327360965809696273327360
100030706077780960802525200202511182200000920565491384991027920565491384991027
100030545087281614803997200202511182200000961302168056370014961302168056370014
100030791957223083365944200202511182200000861394109862003083861394109862003083
100030447959117676276175200202511180200000329064365929410572329064365929410572
100030496927098190274378200202511181200000122062785649884802122062785649884802
100030672270194749250004200202511180200000595796570128125942595796570128125942
100030297173909961122717200202511181200000783679272441900654783679272441900654
100030147701364474217294200202511182200000741275071886205077741275071886205077
100030144376981165660321200202511182200000498300906746270342498300906746270342
100030632127576339326758200202511182200000545254367474978277545254367474978277
100030921107805526988254200202511180200000685706955094697889685706955094697889
100030297891745558665488200202511182200000932429316959306616932429316959306616
100030773804962332576744200202511181200000676314561305348568676314561305348568
100030480074525951947818200202511180200000316077679401933830316077679401933830
100030964801008394853171200202511180200000100223516881192755100223516881192755
100030541676339038491281200202511180200000576798757457263623576798757457263623
100030878516575912433049200202511181200000672871300244404793672871300244404793
100030794899223533296848200202511181200000408447707579149121408447707579149121
100030276749391203498941200202511182200000663232231833736834663232231833736834
100030731470649386800815200202511181200000927631058809844654927631058809844654
100030977096715539506954200202511181200000535149595594553010535149595594553010
100030270690661524838542200202511182200000100903137194624514100903137194624514
100030992684093024912278200202511180200000969434481151533101969434481151533101
100030874572628011529876200202511180200000107467886051366234107467886051366234
100030511621827415458463200202511181200000830017411971868990830017411971868990
100030663621418960887082200202511181200000104159099975169174104159099975169174
100030880895933274230277200202511181200000894231917181900935894231917181900935
100030489706217182421480200202511182200000941942611703366941941942611703366941
100030352735693465010388200202511182200000491670894958680080491670894958680080
100030901188450548916600200202511182200000490544886479662552490544886479662552
100030290228544523001946200202511182200000476993070377216072476993070377216072
100030203802565866590474200202511182200000922681840332239040922681840332239040
100030747420968907880515200202511180200000378877478098325788378877478098325788
100030919246444555941653200202511181200000493816425849421914493816425849421914
100030855445977980881781200202511181200000920879820080659523920879820080659523
100030288459335026457665200202511182200000361730167562787366361730167562787366
100030530099972718624579200202511181200000201357777296324959201357777296324959
100030809163903936493250200202511181200000696081590899640942696081590899640942
100030754800352434917164200202511182200000159796288691345635159796288691345635
100030677508620745592619200202511181200000885434726266416631885434726266416631
100030651859913362386533200202511181200000841962657780445897841962657780445897
100030386952913513078717200202511181200000175121516221767318175121516221767318
100030939992284689384609200202511182200000978777052708511509978777052708511509
100030896055355510766383200202511180200000316628691029851996316628691029851996
100030420728037289930660200202511180200000521838785769151803521838785769151803
100030201922287773490505200202511180200000245471448243565864245471448243565864
100030712330681252749917200202511181200000690065629523138326690065629523138326
100030631031749909171356200202511181200000179747900384192169179747900384192169
100030297038223714286309200202511180200000640513797771364936640513797771364936
100030587264187229622058200202511181200000820946377900523053820946377900523053
100030827546175918158700200202511181200000410684430655966150410684430655966150
100030416429079072184873200202511180200000648244574165089888648244574165089888
100030964997300857753469200202511181200000484496042502902957484496042502902957
100030226967726745101929200202511182200000330376918895668258330376918895668258
100030997150994731340030200202511182200000490886657244061660490886657244061660
100030533514042264685886200202511180200000455436395073150321455436395073150321
100030599748649043564405200202511182200000467272226527482961467272226527482961
100030524766090150858778200202511181200000392146107092004216392146107092004216
100030772883834384489384200202511180200000362248320594947813362248320594947813
100030269948666072364802200202511182200000771185544906076151771185544906076151
100030864258204208523264200202511180200000987394653517817508987394653517817508
100030960061802263925318200202511181200000380676284970867218380676284970867218
100030690052334882610563200202511180200000513586277098904925513586277098904925
100030127899930543340996200202511182200000310333817338780797310333817338780797
100030834482580258360526200202511181200000927595526604740166927595526604740166
100030604565656225680970200202511180200000155891383267426752155891383267426752
100030184824334572130632200202511182200000793460201924755967793460201924755967
100030810298303934887622200202511181200000238336398148013060238336398148013060
100030896679279921055691200202511181200000761207899963176895761207899963176895
100030619236552468947910200202511180200000527723956087605020527723956087605020
100030395962903232780420200202511181200000626107719436363062626107719436363062
100030234159720255152296200202511180200000806412300560007376806412300560007376
100030644403178907082970200202511180200000379621752901659177379621752901659177
100030668925560310637240200202511181200000360897112634011073360897112634011073
100030178946373552803455200202511180200000177442371832934707177442371832934707
100030365364934818842266200202511182200000903843837045464020903843837045464020
100030872812998857509995200202511181200000291931636430643847291931636430643847
100030802881124419668854200202511181200000192770277208115811192770277208115811
100030629413179739573144200202511182200000675838305511572314675838305511572314
100030489788165489157322200202511180200000104041193926992067104041193926992067
100030537561759706353344200202511182200000613966170098834774613966170098834774
100030461624655978428071200202511180200000314569598330750772314569598330750772
100030231164250451670702200202511182200000153034432607723903153034432607723903
100030841341848477473206200202511180200000791229466577847471791229466577847471
100030969855498602123542200202511180200000978295147705866950978295147705866950
100030543081225271080117200202511181200000326285552351359277326285552351359277
100030163132491268663542200202511181200000290700995221257906290700995221257906
100030302502145917339937200202511182200000225410553832052233225410553832052233
100030284970770506275008200202511181200000640604220424954163640604220424954163
100030456702551406666008200202511181200000234034714742231740234034714742231740
100030178624325909073685200202511182200000746875779107551032746875779107551032
100030465014947968007841200202511182200000937052607883079148937052607883079148
100030468245456317107354200202511181200000182520866038167388182520866038167388
100030410873148601769044200202511182200000532601615100397141532601615100397141
100030841075193178504798200202511180200000328234212934472339328234212934472339
100030994792061176952653200202511182200000446015770657120233446015770657120233
100030941958184292285799200202511182200000605712344228237510605712344228237510
100030993642541641442487200202511180200000233316350871951128233316350871951128
